# col1=gap_en, col2=gap pos, col3=DCM_en, col4=bragg position, col5=intensity
11.0000   23.5500   10.7500   10.6006   684076.0000
11.0000   23.5500   10.7602   10.5905   692414.0000
11.0000   23.5500   10.7704   10.5803   700858.0000
11.0000   23.5500   10.7806   10.5702   708703.0000
11.0000   23.5500   10.7908   10.5601   716148.0000
11.0000   23.5500   10.8010   10.5500   725431.0000
11.0000   23.5500   10.8112   10.5399   735476.0000
11.0000   23.5500   10.8214   10.5299   745928.0000
11.0000   23.5500   10.8316   10.5198   755292.0000
11.0000   23.5500   10.8418   10.5098   765379.0000
11.0000   23.5500   10.8520   10.4998   775694.0000
11.0000   23.5500   10.8622   10.4899   783812.0000
11.0000   23.5500   10.8724   10.4799   790931.0000
11.0000   23.5500   10.8827   10.4700   796026.0000
11.0000   23.5500   10.8929   10.4600   797948.0000
11.0000   23.5500   10.9031   10.4501   798913.0000
11.0000   23.5500   10.9133   10.4403   796000.0000
11.0000   23.5500   10.9235   10.4304   789695.0000
11.0000   23.5500   10.9337   10.4206   780129.0000
11.0000   23.5500   10.9439   10.4107   766014.0000
11.0000   23.5500   10.9541   10.4009   748334.0000
11.0000   23.5500   10.9643   10.3911   728706.0000
11.0000   23.5500   10.9745   10.3814   703202.0000
11.0000   23.5500   10.9847   10.3716   674550.0000
11.0000   23.5500   10.9949   10.3619   643171.0000
11.0000   23.5500   11.0051   10.3522   607949.0000
11.0000   23.5500   11.0153   10.3425   568933.0000
11.0000   23.5500   11.0255   10.3328   530151.0000
11.0000   23.5500   11.0357   10.3231   486182.0000
11.0000   23.5500   11.0459   10.3135   442671.0000
11.0000   23.5500   11.0561   10.3039   397047.0000
11.0000   23.5500   11.0663   10.2943   351168.0000
11.0000   23.5500   11.0765   10.2847   305355.0000
11.0000   23.5500   11.0867   10.2751   261159.0000
11.0000   23.5500   11.0969   10.2656   221056.0000
11.0000   23.5500   11.1071   10.2560   187926.0000
11.0000   23.5500   11.1173   10.2465   163883.0000
11.0000   23.5500   11.1276   10.2370   146709.0000
11.0000   23.5500   11.1378   10.2275   136300.0000
11.0000   23.5500   11.1480   10.2181   128776.0000
11.0000   23.5500   11.1582   10.2086   123600.0000
11.0000   23.5500   11.1684   10.1992   118534.0000
11.0000   23.5500   11.1786   10.1898   112794.0000
11.0000   23.5500   11.1888   10.1804   105945.0000
11.0000   23.5500   11.1990   10.1710   97199.0000
11.0000   23.5500   11.2092   10.1617   88347.0000
11.0000   23.5500   11.2194   10.1523   79369.0000
11.0000   23.5500   11.2296   10.1430   70244.0000
11.0000   23.5500   11.2398   10.1337   62226.0000
11.0000   23.5500   11.2500   10.1244   55658.0000
