# col1=gap_en, col2=gap pos, col3=DCM_en, col4=bragg position, col5=intensity
13.0000   30.0680   12.7500   8.9229   469770.0000
13.0000   30.0680   12.7602   8.9157   473626.0000
13.0000   30.0680   12.7704   8.9085   480536.0000
13.0000   30.0680   12.7806   8.9014   485494.0000
13.0000   30.0680   12.7908   8.8942   491039.0000
13.0000   30.0680   12.8010   8.8871   498694.0000
13.0000   30.0680   12.8112   8.8799   504590.0000
13.0000   30.0680   12.8214   8.8728   509966.0000
13.0000   30.0680   12.8316   8.8657   516968.0000
13.0000   30.0680   12.8418   8.8586   520415.0000
13.0000   30.0680   12.8520   8.8515   528223.0000
13.0000   30.0680   12.8622   8.8444   530346.0000
13.0000   30.0680   12.8724   8.8374   532324.0000
13.0000   30.0680   12.8827   8.8303   535552.0000
13.0000   30.0680   12.8929   8.8233   535027.0000
13.0000   30.0680   12.9031   8.8162   532551.0000
13.0000   30.0680   12.9133   8.8092   529199.0000
13.0000   30.0680   12.9235   8.8022   523239.0000
13.0000   30.0680   12.9337   8.7952   515159.0000
13.0000   30.0680   12.9439   8.7882   502786.0000
13.0000   30.0680   12.9541   8.7812   490775.0000
13.0000   30.0680   12.9643   8.7743   475524.0000
13.0000   30.0680   12.9745   8.7673   456143.0000
13.0000   30.0680   12.9847   8.7604   436284.0000
13.0000   30.0680   12.9949   8.7534   415094.0000
13.0000   30.0680   13.0051   8.7465   394127.0000
13.0000   30.0680   13.0153   8.7396   366963.0000
13.0000   30.0680   13.0255   8.7327   337583.0000
13.0000   30.0680   13.0357   8.7258   308303.0000
13.0000   30.0680   13.0459   8.7189   275839.0000
13.0000   30.0680   13.0561   8.7121   242785.0000
13.0000   30.0680   13.0663   8.7052   210783.0000
13.0000   30.0680   13.0765   8.6984   163813.0000
13.0000   30.0680   13.0867   8.6915   150444.0000
13.0000   30.0680   13.0969   8.6847   124031.0000
13.0000   30.0680   13.1071   8.6779   100405.0000
13.0000   30.0680   13.1173   8.6711   84454.0000
13.0000   30.0680   13.1276   8.6643   70526.0000
13.0000   30.0680   13.1378   8.6575   59675.0000
13.0000   30.0680   13.1480   8.6507   52233.0000
13.0000   30.0680   13.1582   8.6440   47295.0000
13.0000   30.0680   13.1684   8.6372   43456.0000
13.0000   30.0680   13.1786   8.6305   41704.0000
13.0000   30.0680   13.1888   8.6238   40054.0000
13.0000   30.0680   13.1990   8.6170   38656.0000
13.0000   30.0680   13.2092   8.6103   37112.0000
13.0000   30.0680   13.2194   8.6036   35551.0000
13.0000   30.0680   13.2296   8.5970   33543.0000
13.0000   30.0680   13.2398   8.5903   31329.0000
13.0000   30.0680   13.2500   8.5836   29132.0000
