# col1=gap_en, col2=gap pos, col3=DCM_en, col4=bragg position, col5=intensity
12.0000   26.0900   11.7500   9.6893   610889.0000
12.0000   26.0900   11.7602   9.6809   616449.0000
12.0000   26.0900   11.7704   9.6724   622281.0000
12.0000   26.0900   11.7806   9.6639   629406.0000
12.0000   26.0900   11.7908   9.6555   637352.0000
12.0000   26.0900   11.8010   9.6470   645504.0000
12.0000   26.0900   11.8112   9.6386   654177.0000
12.0000   26.0900   11.8214   9.6302   661108.0000
12.0000   26.0900   11.8316   9.6219   671130.0000
12.0000   26.0900   11.8418   9.6135   676930.0000
12.0000   26.0900   11.8520   9.6051   662220.0000
12.0000   26.0900   11.8622   9.5968   690477.0000
12.0000   26.0900   11.8724   9.5885   695099.0000
12.0000   26.0900   11.8827   9.5801   696906.0000
12.0000   26.0900   11.8929   9.5718   699420.0000
12.0000   26.0900   11.9031   9.5636   699000.0000
12.0000   26.0900   11.9133   9.5553   695766.0000
12.0000   26.0900   11.9235   9.5470   689537.0000
12.0000   26.0900   11.9337   9.5388   679881.0000
12.0000   26.0900   11.9439   9.5306   668791.0000
12.0000   26.0900   11.9541   9.5224   654292.0000
12.0000   26.0900   11.9643   9.5142   636491.0000
12.0000   26.0900   11.9745   9.5060   614328.0000
12.0000   26.0900   11.9847   9.4978   592167.0000
12.0000   26.0900   11.9949   9.4897   566328.0000
12.0000   26.0900   12.0051   9.4815   536461.0000
12.0000   26.0900   12.0153   9.4734   502112.0000
12.0000   26.0900   12.0255   9.4653   470323.0000
12.0000   26.0900   12.0357   9.4572   432110.0000
12.0000   26.0900   12.0459   9.4491   394377.0000
12.0000   26.0900   12.0561   9.4410   353463.0000
12.0000   26.0900   12.0663   9.4330   311845.0000
12.0000   26.0900   12.0765   9.4249   270407.0000
12.0000   26.0900   12.0867   9.4169   229871.0000
12.0000   26.0900   12.0969   9.4089   192495.0000
12.0000   26.0900   12.1071   9.4009   158802.0000
12.0000   26.0900   12.1173   9.3929   131442.0000
12.0000   26.0900   12.1276   9.3849   112080.0000
12.0000   26.0900   12.1378   9.3770   98012.0000
12.0000   26.0900   12.1480   9.3690   89025.0000
12.0000   26.0900   12.1582   9.3611   82806.0000
12.0000   26.0900   12.1684   9.3532   78808.0000
12.0000   26.0900   12.1786   9.3453   76388.0000
12.0000   26.0900   12.1888   9.3374   72791.0000
12.0000   26.0900   12.1990   9.3295   69842.0000
12.0000   26.0900   12.2092   9.3216   65431.0000
12.0000   26.0900   12.2194   9.3138   61261.0000
12.0000   26.0900   12.2296   9.3059   55947.0000
12.0000   26.0900   12.2398   9.2981   50539.0000
12.0000   26.0900   12.2500   9.2903   45021.0000
