# col1=gap_en, col2=gap pos, col3=DCM_en, col4=bragg position, col5=intensity
8.0000   18.3540   7.7500   14.7839   717773.0000
8.0000   18.3540   7.7602   14.7640   727930.0000
8.0000   18.3540   7.7704   14.7442   738005.0000
8.0000   18.3540   7.7806   14.7244   746425.0000
8.0000   18.3540   7.7908   14.7047   755401.0000
8.0000   18.3540   7.8010   14.6850   765272.0000
8.0000   18.3540   7.8112   14.6654   774113.0000
8.0000   18.3540   7.8214   14.6458   785913.0000
8.0000   18.3540   7.8316   14.6263   786742.0000
8.0000   18.3540   7.8418   14.6069   810614.0000
8.0000   18.3540   7.8520   14.5875   824133.0000
8.0000   18.3540   7.8622   14.5681   836817.0000
8.0000   18.3540   7.8724   14.5488   847885.0000
8.0000   18.3540   7.8827   14.5296   856521.0000
8.0000   18.3540   7.8929   14.5104   862229.0000
8.0000   18.3540   7.9031   14.4912   862525.0000
8.0000   18.3540   7.9133   14.4721   859355.0000
8.0000   18.3540   7.9235   14.4531   847396.0000
8.0000   18.3540   7.9337   14.4341   830762.0000
8.0000   18.3540   7.9439   14.4151   804954.0000
8.0000   18.3540   7.9541   14.3963   774234.0000
8.0000   18.3540   7.9643   14.3774   735327.0000
8.0000   18.3540   7.9745   14.3586   690168.0000
8.0000   18.3540   7.9847   14.3399   641861.0000
8.0000   18.3540   7.9949   14.3212   588431.0000
8.0000   18.3540   8.0051   14.3025   530751.0000
8.0000   18.3540   8.0153   14.2839   471599.0000
8.0000   18.3540   8.0255   14.2654   412438.0000
8.0000   18.3540   8.0357   14.2469   357689.0000
8.0000   18.3540   8.0459   14.2284   307425.0000
8.0000   18.3540   8.0561   14.2100   268861.0000
8.0000   18.3540   8.0663   14.1917   243645.0000
8.0000   18.3540   8.0765   14.1734   229862.0000
8.0000   18.3540   8.0867   14.1551   221552.0000
8.0000   18.3540   8.0969   14.1369   213786.0000
8.0000   18.3540   8.1071   14.1188   202202.0000
8.0000   18.3540   8.1173   14.1006   186147.0000
8.0000   18.3540   8.1276   14.0826   166167.0000
8.0000   18.3540   8.1378   14.0645   144760.0000
8.0000   18.3540   8.1480   14.0466   125759.0000
8.0000   18.3540   8.1582   14.0286   111860.0000
8.0000   18.3540   8.1684   14.0108   103953.0000
8.0000   18.3540   8.1786   13.9929   101750.0000
8.0000   18.3540   8.1888   13.9751   102760.0000
8.0000   18.3540   8.1990   13.9574   104544.0000
8.0000   18.3540   8.2092   13.9397   105402.0000
8.0000   18.3540   8.2194   13.9220   103252.0000
8.0000   18.3540   8.2296   13.9044   99206.0000
8.0000   18.3540   8.2398   13.8869   93111.0000
8.0000   18.3540   8.2500   13.8693   86421.0000
